1) 18879

30058
18864
18880
21420
17276

2) 12902

12902
5922
9397
13109
14422

4) 7544

9180
6583
5015
7544
12544

8) 6682

6682
3574
4945
8716
13412

16) 6963

6963
3410
4315
11641
22670

32) 7037

6097
7037
6508
9301
11094

64) 5568

5569
3589
4447
7948
11257

128) 21255

41605
7584
10601
44449
21255

256) 10999 Какая-то неправда я сидел секунды считал получилось примерно 36 секунд с зависанием компьютера.
Так неинтересно если можно зависнуть и считать только вымышленное время работы процессора

5305
5908
10999
14726
21026

512) 13269

7022
11025
13269
17564
22757

1024) 7992

7895
7156
7993
15644
18002
